%YAML:1.0
---
UsedFramework: OPENCV
imageSize: [ 640, 480 ]
M1: !!opencv-matrix
   rows: 3
   cols: 3
   dt: d
   data: [ 6.5488119526654430e+02, 0., 3.0172244458823735e+02, 0.,
       6.6137907719434065e+02, 3.3160714420205676e+02, 0., 0., 1. ]
D1: !!opencv-matrix
   rows: 1
   cols: 5
   dt: d
   data: [ -3.4223941930293522e-01, 5.5568434959584689e-01, 0., 0., 0. ]
M2: !!opencv-matrix
   rows: 3
   cols: 3
   dt: d
   data: [ 7.3838390983789554e+02, 0., 3.2469194713203598e+02, 0.,
       7.3768656256210670e+02, 2.7194820219267200e+02, 0., 0., 1. ]
D2: !!opencv-matrix
   rows: 1
   cols: 5
   dt: d
   data: [ 1.0224988357340637e-02, -6.3296730966360293e-01, 0., 0., 0. ]
Rotate: !!opencv-matrix
   rows: 3
   cols: 3
   dt: d
   data: [ 9.9723167090280396e-01, -2.8765232226127386e-02,
       -6.8567893094207050e-02, 3.4606445153022004e-02,
       9.9572985936263703e-01, 8.5582948813031828e-02,
       6.5813285150283479e-02, -8.7718918077231839e-02,
       9.9396881385136393e-01 ]
T: [ -1.2845351077637826e-01, -1.5827643830176409e-02,
    9.6417298200859994e-02 ]
E: !!opencv-matrix
   rows: 3
   cols: 3
   dt: d
   data: [ -4.3783291786431535e-03, -9.4617198985172901e-02,
       -2.3983861060557332e-02, 1.0460433092205833e-01,
       -1.4041268961889454e-02, 1.2106765274597124e-01,
       1.1338508327825420e-02, -1.2836028207036754e-01,
       -1.2078698427709735e-02 ]
F: !!opencv-matrix
   rows: 3
   cols: 3
   dt: d
   data: [ -1.4160934378130744e-06, -3.0301606583613610e-05,
       5.3954799365974358e-03, 3.3864410326837557e-05,
       -4.5010338420323223e-06, 1.6942476888341017e-02,
       -6.0417397981750850e-03, -1.9290741885839270e-02, 1. ]
